translate
       1 AlvPom,
       2 AlvCau,
       3 ParGra1,
       4 ParGra2,
       5 ParPal,
       6 ParPan,
       7 FJ976042.1,
       8 MK192098.1,
       9 EU239688.1,
      10 P08H-3,
      11 ParFij,
      12 EU239687.1;
((((1,2),(((3,4),(5,10)),((7,11),8))),6),9,12); 328
((((1,2),(((3,4),(5,10)),(7,(8,11)))),6),9,12); 31
((((1,2),(((3,4),(5,10)),((7,8),11))),6),9,12); 18
((((1,2),((((3,4),(5,10)),8),(7,11))),6),9,12); 15
((((1,2),((((3,4),(5,10)),(7,11)),8)),6),9,12); 9
((((1,2),(((((3,4),(5,10)),11),8),7)),6),9,12); 1
((((1,2),((((3,4),(5,10)),7),(8,11))),6),9,12); 1
(((1,2),((((3,4),(5,10)),((7,11),8)),6)),9,12); 1
