translate
       1 AlvCau,
       2 AlvPom,
       3 ParGra1,
       4 ParGra2,
       5 ParPal,
       6 ParPan,
       7 FJ976042.1,
       8 P08H-3,
       9 MK192098.1,
      10 ParFij,
      11 EU239687.1,
      12 EU239688.1;
(((((((1,2),9),6),((3,4),(5,8))),10),7),11,12); 59
((((((1,2),9),6),((3,4),(5,8))),(7,10)),11,12); 46
(((((((1,2),9),6),((3,4),(5,8))),7),10),11,12); 44
(((((1,2),9),(((3,4),(5,8)),(7,10))),6),11,12); 26
(((((1,2),9),(((3,4),(5,8)),6)),(7,10)),11,12); 22
((((((1,2),9),(((3,4),(5,8)),6)),7),10),11,12); 21
((((((1,2),9),(((3,4),(5,8)),6)),10),7),11,12); 17
(((((1,2),9),6),(((3,4),(5,8)),(7,10))),11,12); 17
((((((1,2),9),6),(7,10)),((3,4),(5,8))),11,12); 15
((((((1,2),6),(((3,4),(5,8)),9)),7),10),11,12); 10
((((((1,2),9),((3,4),(5,8))),6),(7,10)),11,12); 10
(((((((1,2),9),((3,4),(5,8))),6),10),7),11,12); 8
(((((((1,2),9),((3,4),(5,8))),6),7),10),11,12); 8
((((((1,6),2),9),((3,4),(5,8))),(7,10)),11,12); 7
((((((1,2),9),(7,10)),((3,4),(5,8))),6),11,12); 6
((((((1,2),6),9),((3,4),(5,8))),(7,10)),11,12); 5
((((((1,2),9),((3,4),(5,8))),(7,10)),6),11,12); 5
((((((1,(2,9)),6),((3,4),(5,8))),10),7),11,12); 4
((((((1,2),6),(((3,4),(5,8)),9)),10),7),11,12); 4
(((((((1,6),2),9),((3,4),(5,8))),7),10),11,12); 3
(((((((1,9),2),6),((3,4),(5,8))),7),10),11,12); 3
((((((1,2),9),(7,10)),6),((3,4),(5,8))),11,12); 3
(((((1,(2,9)),6),(7,10)),((3,4),(5,8))),11,12); 3
(((((1,2),6),(((3,4),(5,8)),9)),(7,10)),11,12); 3
(((((((1,2),6),9),((3,4),(5,8))),10),7),11,12); 2
(((((((1,2),9),6),7),10),((3,4),(5,8))),11,12); 2
(((((((1,6),2),9),((3,4),(5,8))),10),7),11,12); 2
(((((((1,9),2),6),((3,4),(5,8))),10),7),11,12); 2
((((((1,(2,9)),6),((3,4),(5,8))),7),10),11,12); 2
((((((1,9),2),6),((3,4),(5,8))),(7,10)),11,12); 2
(((((1,2),9),(((3,(5,8)),4),6)),(7,10)),11,12); 2
(((((1,2),9),(6,(7,10))),((3,4),(5,8))),11,12); 2
(((((1,2),9),6),((((3,4),(5,8)),10),7)),11,12); 2
((((1,2),((((3,4),(5,8)),9),(7,10))),6),11,12); 2
((((1,2),9),((((3,4),(5,8)),(7,10)),6)),11,12); 2
(((((((1,2),6),((3,4),(5,8))),9),7),10),11,12); 1
(((((((1,2),9),6),(3,(4,(5,8)))),7),10),11,12); 1
(((((((1,2),9),6),7),(((3,4),8),5)),10),11,12); 1
(((((((1,2),9),6),7),((3,4),(5,8))),10),11,12); 1
(((((((1,9),2),6),7),((3,4),(5,8))),10),11,12); 1
((((((1,(2,9)),((3,4),(5,8))),6),7),10),11,12); 1
((((((1,(2,9)),6),10),(((3,4),8),5)),7),11,12); 1
((((((1,(2,9)),6),7),10),((3,4),(5,8))),11,12); 1
((((((1,2),(((3,4),(5,8)),9)),6),10),7),11,12); 1
((((((1,2),(((3,4),(5,8)),9)),6),7),10),11,12); 1
((((((1,2),9),((3,(4,(5,8))),6)),10),7),11,12); 1
((((((1,2),9),((3,(4,(5,8))),6)),7),10),11,12); 1
((((((1,2),9),((3,(5,8)),4)),6),(7,10)),11,12); 1
((((((1,2),9),6),(((3,4),(5,8)),10)),7),11,12); 1
((((((1,2),9),6),((3,(5,8)),4)),(7,10)),11,12); 1
((((((1,2),9),6),(3,(4,(5,8)))),(7,10)),11,12); 1
((((((1,2),9),6),(7,10)),((3,(5,8)),4)),11,12); 1
((((((1,9),2),6),(7,10)),((3,4),(5,8))),11,12); 1
(((((1,(2,9)),6),((3,4),(5,8))),(7,10)),11,12); 1
(((((1,(2,9)),6),7),(((3,4),(5,8)),10)),11,12); 1
(((((1,2),9),(((3,(5,8)),4),(7,10))),6),11,12); 1
(((((1,9),2),(((3,4),(5,8)),(7,10))),6),11,12); 1
((((1,(2,9)),(((3,4),(5,8)),6)),(7,10)),11,12); 1
((((1,(2,9)),6),(((3,4),(5,8)),(7,10))),11,12); 1
((((1,2),((((3,4),(5,8)),(7,10)),6)),9),11,12); 1
((((1,2),((((3,4),(5,8)),(7,10)),9)),6),11,12); 1
((((1,2),((((3,4),(5,8)),6),(7,10))),9),11,12); 1
((((1,2),6),((((3,4),(5,8)),9),(7,10))),11,12); 1
((((1,2),9),(((((3,4),(5,8)),6),10),7)),11,12); 1
((((1,2),9),((((3,4),(5,8)),6),(7,10))),11,12); 1
((((1,2),9),(((3,4),(5,8)),(6,(7,10)))),11,12); 1
(((1,(2,9)),((((3,4),(5,8)),6),(7,10))),11,12); 1
(((1,2),(((((3,4),(5,8)),9),6),(7,10))),11,12); 1
