translate
       1 AlvCau,
       2 AlvPom,
       3 ParGra1,
       4 ParGra2,
       5 ParPal,
       6 ParPan,
       7 FJ976042.1,
       8 MK192098.1,
       9 P08H-3,
      10 ParFij,
      11 EU239688.1,
      12 EU239687.1;
(((((((1,2),6),7),((3,4),(5,9))),8),10),11,12); 170
(((((((1,2),6),7),((3,4),(5,9))),10),8),11,12); 87
((((((1,2),6),(((3,4),(5,9)),7)),8),10),11,12); 53
((((((1,2),6),(((3,4),(5,9)),7)),10),8),11,12); 40
(((((((1,2),7),6),((3,4),(5,9))),8),10),11,12); 14
(((((((1,2),6),((3,4),(5,9))),7),10),8),11,12); 13
(((((((1,2),7),6),((3,4),(5,9))),10),8),11,12); 9
(((((((1,2),6),((3,4),(5,9))),7),8),10),11,12); 8
((((((1,2),(6,7)),((3,4),(5,9))),8),10),11,12); 8
((((((1,2),(6,7)),((3,4),(5,9))),10),8),11,12); 6
((((((1,2),6),7),((3,4),(5,9))),(8,10)),11,12); 5
((((((1,2),(((3,4),(5,9)),7)),6),8),10),11,12); 3
((((((1,2),((3,4),(5,9))),(6,7)),10),8),11,12); 3
(((((((1,2),((3,4),(5,9))),7),6),8),10),11,12); 2
(((((((1,2),6),8),((3,4),(5,9))),7),10),11,12); 2
(((((((1,2),7),((3,4),(5,9))),6),10),8),11,12); 2
(((((((1,2),7),((3,4),(5,9))),6),8),10),11,12); 2
((((((1,2),7),(((3,4),(5,9)),6)),10),8),11,12); 2
(((((1,2),6),(((3,4),(5,9)),(7,8))),10),11,12); 2
((((1,2),((((3,4),(5,9)),7),(6,8))),10),11,12); 2
((((((1,2),(((3,4),(5,9)),7)),6),10),8),11,12); 1
((((((1,2),((3,4),(5,9))),(6,7)),8),10),11,12); 1
((((((1,2),(6,8)),((3,4),(5,9))),7),10),11,12); 1
((((((1,2),6),((3,4),(5,9))),7),(8,10)),11,12); 1
((((((1,2),7),6),((3,4),(5,9))),(8,10)),11,12); 1
(((((1,2),6),((((3,4),(5,9)),7),8)),10),11,12); 1
(((((1,2),6),(((3,4),(5,9)),7)),(8,10)),11,12); 1
