translate
       1 AlvCau,
       2 AlvPom,
       3 ParGra1,
       4 ParGra2,
       5 ParPal,
       6 FJ976042.1,
       7 P08H-3,
       8 EU239687.1,
       9 EU239688.1,
      10 ParFij,
      11 ParPan,
      12 MK192098.1;
(((((1,2),11),(8,9)),((3,4),(5,7))),(6,10),12); 370
((((1,2),11),((3,4),(5,7))),((6,(8,9)),10),12); 9
((((1,2),11),((3,4),(5,7))),(6,((8,9),10)),12); 9
((((1,2),11),(((3,4),(5,7)),(8,9))),(6,10),12); 8
((((((1,2),11),(8,9)),((3,4),(5,7))),6),10,12); 6
((((1,2),11),((3,4),(5,7))),((6,10),(8,9)),12); 2
