translate
       1 AlvCau,
       2 AlvPom,
       3 ParGra1,
       4 ParGra2,
       5 ParPal,
       6 ParPan,
       7 MK192098.1,
       8 P08H-3,
       9 ParFij,
      10 EU239687.1,
      11 EU239688.1;
((((1,2),(((3,4),(5,8)),(7,9))),6),10,11); 354
(((1,2),((((3,4),(5,8)),(7,9)),6)),10,11); 23
((((1,2),6),(((3,4),(5,8)),(7,9))),10,11); 9
((((1,2),((((3,4),(5,8)),9),7)),6),10,11); 4
((((((1,2),6),((3,4),(5,8))),7),9),10,11); 3
((((((1,2),6),((3,4),(5,8))),9),7),10,11); 3
(((((1,2),6),((3,4),(5,8))),(7,9)),10,11); 2
((((1,2),((((3,4),(5,8)),7),9)),6),10,11); 2
((((((1,2),((3,4),(5,8))),9),7),6),10,11); 1
((((1,2),6),((((3,4),(5,8)),9),7)),10,11); 1
(((1,2),(((((3,4),(5,8)),9),7),6)),10,11); 1
((1,(2,((((3,4),(5,8)),(7,9)),6))),10,11); 1
