translate
       1 AlvCau,
       2 AlvPom,
       3 ParGra1,
       4 ParGra2,
       5 ParPal,
       6 ParPan,
       7 FJ976042.1,
       8 MK192098.1,
       9 P08H-3,
      10 ParFij,
      11 EU239687.1,
      12 EU239688.1;
((((1,2),(((3,4),(5,9)),((7,8),10))),6),11,12); 204
((((1,2),(((3,4),(5,9)),(7,(8,10)))),6),11,12); 85
((((1,2),(((3,4),(5,9)),((7,10),8))),6),11,12); 61
(((1,2),((((3,4),(5,9)),((7,8),10)),6)),11,12); 22
(((1,2),((((3,4),(5,9)),(7,(8,10))),6)),11,12); 13
((((1,2),6),(((3,4),(5,9)),((7,8),10))),11,12); 8
((((1,2),6),(((3,4),(5,9)),((7,10),8))),11,12); 4
(((1,2),((((3,4),(5,9)),((7,10),8)),6)),11,12); 4
((((1,2),6),(((3,4),(5,9)),(7,(8,10)))),11,12); 2
(((1,2),(((((3,4),(5,9)),(7,8)),10),6)),11,12); 1
