translate
       1 AlvCau,
       2 AlvPom,
       3 ParGra1,
       4 ParGra2,
       5 ParPal,
       6 ParPan,
       7 FJ976042.1,
       8 MK192098.1,
       9 P08H-3,
      10 EU239688.1,
      11 ParFij,
      12 EU239687.1;
((((1,2),(((3,4),(5,9)),((7,11),8))),6),10,12); 226
((((1,2),((((3,4),(5,9)),(7,11)),8)),6),10,12); 133
((((1,2),6),((((3,4),(5,9)),(7,11)),8)),10,12); 17
((((1,2),6),(((3,4),(5,9)),((7,11),8))),10,12); 11
(((1,2),(((((3,4),(5,9)),(7,11)),8),6)),10,12); 9
((((1,2),((((3,4),(5,9)),8),(7,11))),6),10,12); 4
(((1,2),((((3,4),(5,9)),((7,11),8)),6)),10,12); 4
