translate
       1 ParGra1,
       2 ParGra2,
       3 ParPal,
       4 FJ976042.1,
       5 MK192098.1,
       6 P08H-3,
       7 ParFij,
       8 EU239687.1,
       9 EU239688.1,
      10 ParPan,
      11 AlvPom,
      12 AlvCau;
((((((1,2),(3,6)),5),(4,(7,(8,9)))),10),11,12); 111
((((((1,2),(3,6)),(4,(7,(8,9)))),5),10),11,12); 85
(((((1,2),(3,6)),((4,(7,(8,9))),5)),10),11,12); 74
((((((1,2),(3,6)),5),((4,(8,9)),7)),10),11,12); 12
((((((1,2),(3,6)),((4,(8,9)),7)),5),10),11,12); 9
(((((((1,2),(3,6)),5),4),(7,(8,9))),10),11,12); 8
(((((1,2),(3,6)),((4,5),(7,(8,9)))),10),11,12); 6
(((((1,2),(3,6)),(((4,(8,9)),7),5)),10),11,12); 5
(((((((1,2),(3,6)),(8,9)),(4,7)),5),10),11,12); 4
(((((1,2),(3,6)),(((4,7),(8,9)),5)),10),11,12); 4
(((((1,2),(3,6)),((4,7),5)),((8,9),10)),11,12); 4
(((((((1,2),(3,6)),4),5),(7,(8,9))),10),11,12); 3
(((((((1,2),(3,6)),5),4),7),((8,9),10)),11,12); 3
((((((1,2),(3,6)),((4,5),7)),10),(8,9)),11,12); 3
((((((1,2),(3,6)),(4,5)),(7,(8,9))),10),11,12); 3
((((((1,2),(3,6)),(7,(8,9))),(4,5)),10),11,12); 3
((((((1,2),(3,6)),5),((4,7),(8,9))),10),11,12); 3
(((((((1,2),(3,6)),(4,7)),5),(8,9)),10),11,12); 2
(((((((1,2),(3,6)),(8,9)),5),(4,7)),10),11,12); 2
(((((((1,2),(3,6)),10),(4,(8,9))),5),7),11,12); 2
(((((((1,2),(3,6)),5),(4,(7,8))),10),9),11,12); 2
(((((((1,2),(3,6)),5),(4,7)),10),(8,9)),11,12); 2
(((((((1,2),(3,6)),5),(8,9)),(4,7)),10),11,12); 2
((((((1,2),(3,6)),((4,7),(8,9))),5),10),11,12); 2
((((((1,2),(3,6)),((4,7),5)),(8,9)),10),11,12); 2
((((((1,2),(3,6)),(4,7)),5),((8,9),10)),11,12); 2
((((((1,2),(3,6)),(8,9)),((4,5),7)),10),11,12); 2
((((((1,2),(3,6)),10),(4,(7,(8,9)))),5),11,12); 2
((((((1,2),(3,6)),10),5),(4,(7,(8,9)))),11,12); 2
((((((1,2),(3,6)),5),(4,(7,8))),(9,10)),11,12); 2
(((((((((1,2),(3,6)),8),5),4),7),9),10),11,12); 1
((((((((1,2),(3,6)),(8,9)),10),5),4),7),11,12); 1
((((((((1,2),(3,6)),(8,9)),4),7),5),10),11,12); 1
((((((((1,2),(3,6)),4),(8,9)),7),5),10),11,12); 1
((((((((1,2),(3,6)),4),5),(8,9)),7),10),11,12); 1
((((((((1,2),(3,6)),5),(4,8)),7),10),9),11,12); 1
((((((((1,2),(3,6)),5),4),7),(8,9)),10),11,12); 1
((((((((1,2),(3,6)),5),4),7),10),(8,9)),11,12); 1
((((((((1,2),(3,6)),5),8),(4,7)),10),9),11,12); 1
((((((((1,2),(3,6)),8),(4,5)),7),10),9),11,12); 1
(((((((1,2),(3,6)),(4,(7,8))),5),10),9),11,12); 1
(((((((1,2),(3,6)),(4,(7,8))),5),9),10),11,12); 1
(((((((1,2),(3,6)),(4,(8,9))),7),5),10),11,12); 1
(((((((1,2),(3,6)),(4,7)),(5,8)),10),9),11,12); 1
(((((((1,2),(3,6)),(7,(8,9))),4),5),10),11,12); 1
(((((((1,2),(3,6)),(8,9)),(4,5)),7),10),11,12); 1
(((((((1,2),(3,6)),(8,9)),10),(4,5)),7),11,12); 1
(((((((1,2),(3,6)),(8,9)),7),(4,5)),10),11,12); 1
(((((((1,2),(3,6)),10),5),4),(7,(8,9))),11,12); 1
(((((((1,2),(3,6)),4),(7,(8,9))),5),10),11,12); 1
(((((((1,2),(3,6)),5),(4,7)),(8,9)),10),11,12); 1
(((((((1,2),(3,6)),5),10),4),(7,(8,9))),11,12); 1
(((((((1,2),(3,6)),8),((4,7),5)),10),9),11,12); 1
(((((((1,2),(3,6)),8),(4,(5,7))),10),9),11,12); 1
((((((1,2),(3,6)),((4,5),7)),(8,9)),10),11,12); 1
((((((1,2),(3,6)),((4,5),7)),(9,10)),8),11,12); 1
((((((1,2),(3,6)),(4,(5,7))),(8,9)),10),11,12); 1
((((((1,2),(3,6)),(4,(7,(8,9)))),10),5),11,12); 1
((((((1,2),(3,6)),(8,9)),((4,7),5)),10),11,12); 1
((((((1,2),(3,6)),10),(8,9)),((4,5),7)),11,12); 1
((((((1,2),(3,6)),10),5),((4,(8,9)),7)),11,12); 1
((((((1,2),(3,6)),5),(4,(7,9))),(8,10)),11,12); 1
((((((1,2),(3,6)),5),(4,7)),((8,9),10)),11,12); 1
((((((1,2),(3,6)),5),10),(4,(7,(8,9)))),11,12); 1
(((((1,2),(3,6)),(((4,(8,9)),7),10)),5),11,12); 1
(((((1,2),(3,6)),((4,(7,(8,9))),10)),5),11,12); 1
(((((1,2),(3,6)),((4,5),7)),((8,9),10)),11,12); 1
((((1,2),(3,6)),((4,(7,(8,9))),(5,10))),11,12); 1
