translate
       1 ParGra1,
       2 ParGra2,
       3 ParPal,
       4 FJ976042.1,
       5 MK192098.1,
       6 P08H-3,
       7 ParFij,
       8 EU239687.1,
       9 EU239688.1,
      10 ParPan,
      11 AlvPom,
      12 AlvCau;
(((((((1,2),(3,6)),5),7),4),((8,9),10)),11,12); 281
(((((((1,2),(3,6)),5),4),7),((8,9),10)),11,12); 52
((((((((1,2),(3,6)),5),7),4),(8,9)),10),11,12); 22
(((((((1,2),(3,6)),7),5),4),((8,9),10)),11,12); 11
((((((1,2),(3,6)),(4,5)),7),((8,9),10)),11,12); 9
((((((1,2),(3,6)),5),(4,7)),((8,9),10)),11,12); 8
((((((((1,2),(3,6)),5),7),4),10),(8,9)),11,12); 7
(((((1,2),(3,6)),((4,5),7)),((8,9),10)),11,12); 3
((((((1,2),(3,6)),7),(4,5)),((8,9),10)),11,12); 2
((((((((1,2),(3,6)),5),4),7),(8,9)),10),11,12); 1
((((((((1,2),(3,6)),5),4),7),10),(8,9)),11,12); 1
(((((((1,2),(3,6)),(4,5)),7),(8,9)),10),11,12); 1
(((((((1,2),(3,6)),4),5),7),((8,9),10)),11,12); 1
(((((((1,2),(3,6)),5),(4,7)),(8,9)),10),11,12); 1
(((((((1,2),(3,6)),7),4),5),((8,9),10)),11,12); 1
((((((1,2),(3,6)),((4,5),7)),(8,9)),10),11,12); 1
((((((1,2),(3,6)),(4,7)),5),((8,9),10)),11,12); 1
((((((1,2),(3,6)),(5,7)),4),((8,9),10)),11,12); 1
