translate
       1 AlvCau,
       2 AlvPom,
       3 ParGra1,
       4 ParGra2,
       5 ParPal,
       6 ParPan,
       7 FJ976042.1,
       8 MK192098.1,
       9 ParFij,
      10 EU239688.1,
      11 P08H-3,
      12 EU239687.1;
((((1,2),(((3,4),(5,11)),((7,9),8))),6),10,12); 251
((((((1,2),6),((7,9),8)),(5,11)),(3,4)),10,12); 52
((((((1,2),6),((7,9),8)),(3,4)),(5,11)),10,12); 42
(((((1,2),6),((7,9),8)),((3,4),(5,11))),10,12); 13
((((((1,2),(7,9)),((3,4),(5,11))),8),6),10,12); 12
(((((1,2),((7,9),8)),((3,4),(5,11))),6),10,12); 9
((((((1,2),(7,9)),8),((3,4),(5,11))),6),10,12); 7
((((1,2),((((3,4),(5,11)),(7,9)),8)),6),10,12); 5
(((((((1,2),6),((7,9),8)),(5,11)),4),3),10,12); 3
(((((1,2),((3,4),(5,11))),((7,9),8)),6),10,12); 3
((((1,2),((((3,4),(5,11)),8),(7,9))),6),10,12); 2
(((((((1,2),6),8),(7,9)),(5,11)),(3,4)),10,12); 1
(((((((1,2),9),7),((3,4),(5,11))),8),6),10,12); 1
((((((1,2),((3,4),(5,11))),(7,9)),8),6),10,12); 1
(((((1,2),(((3,4),(5,11)),(7,9))),8),6),10,12); 1
(((((1,2),(7,9)),(((3,4),(5,11)),8)),6),10,12); 1
