translate
       1 AlvCau,
       2 AlvPom,
       3 ParGra1,
       4 ParGra2,
       5 ParPal,
       6 ParPan,
       7 FJ976042.1,
       8 MK192098.1,
       9 P08H-3,
      10 ParFij,
      11 EU239687.1,
      12 EU239688.1;
((((((1,2),6),((3,4),(5,9))),(7,8)),10),11,12); 143
(((((1,2),6),((3,4),(5,9))),((7,8),10)),11,12); 139
((((((1,2),6),((3,4),(5,9))),10),(7,8)),11,12); 66
(((((((1,2),6),((3,4),(5,9))),10),7),8),11,12); 24
((((((1,2),6),((3,4),(5,9))),(7,10)),8),11,12); 14
(((((((1,2),6),((3,4),(5,9))),7),10),8),11,12); 11
((((1,2),6),(((3,4),(5,9)),((7,8),10))),11,12); 4
(((((((1,2),6),((3,4),(5,9))),10),8),7),11,12); 1
(((((((1,2),6),((3,4),(5,9))),7),8),10),11,12); 1
(((((1,2),6),((7,8),10)),((3,4),(5,9))),11,12); 1
